[<gdspy.library.Cell object at 0x7f228c1e3fa0>]
Cell 0 [[-0.27 -0.15]
 [ 1.95  3.05]]
Dependencies (1)
{<gdspy.library.Cell object at 0x7f228e0f0a60>}
Paths (0)
Labels (10)
Label ("Y", at (0.6050000000000001, 1.655), rotation None, magnification 0.125, reflection False, layer 67, texttype 5)
Label ("Y", at (0.6050000000000001, 1.995), rotation None, magnification 0.125, reflection False, layer 67, texttype 5)
Label ("Y", at (1.045, 0.87), rotation None, magnification 0.125, reflection False, layer 67, texttype 5)
Label ("B", at (0.14500000000000002, 1.28), rotation None, magnification 0.125, reflection False, layer 67, texttype 5)
Label ("A", at (1.065, 1.28), rotation None, magnification 0.125, reflection False, layer 67, texttype 5)
Label ("VPB", at (0.14500000000000002, 2.81), rotation None, magnification 0.1, reflection False, layer 64, texttype 5)
Label ("VNB", at (0.14500000000000002, 0.09), rotation None, magnification 0.1, reflection False, layer 64, texttype 59)
Label ("VGND", at (0.15000000000000002, 0.09), rotation None, magnification 0.1, reflection False, layer 68, texttype 5)
Label ("VPWR", at (0.14500000000000002, 2.81), rotation None, magnification 0.1, reflection False, layer 68, texttype 5)
Label ("nand2_1", at (-0.08, 0.09), rotation 90.0, magnification 0.1, reflection False, layer 83, texttype 44)
Data Types (5)
0
16
4
20
44
Layers (13)
Polygon Sets (50)
[array([[0.535, 1.5  ],
       [0.525, 1.5  ],
       [0.525, 2.705],
       [0.345, 2.705],
       [0.345, 1.5  ],
       [0.335, 1.5  ],
       [0.335, 1.415],
       [0.025, 1.415],
       [0.025, 1.085],
       [0.385, 1.085],
       [0.385, 0.195],
       [0.535, 0.195]])] [66] [20]
[array([[1.295, 1.415],
       [1.005, 1.415],
       [1.005, 1.5  ],
       [0.995, 1.5  ],
       [0.995, 2.705],
       [0.815, 2.705],
       [0.815, 1.5  ],
       [0.805, 1.5  ],
       [0.805, 0.195],
       [0.955, 0.195],
       [0.955, 1.085],
       [1.295, 1.085]])] [66] [20]
[array([[0.065, 2.725],
       [0.235, 2.725],
       [0.235, 2.895],
       [0.065, 2.895]])] [67] [44]
[array([[0.065, 0.005],
       [0.235, 0.005],
       [0.235, 0.175],
       [0.065, 0.175]])] [67] [44]
[array([[0.525, 2.725],
       [0.695, 2.725],
       [0.695, 2.895],
       [0.525, 2.895]])] [67] [44]
[array([[0.525, 0.005],
       [0.695, 0.005],
       [0.695, 0.175],
       [0.525, 0.175]])] [67] [44]
[array([[0.985, 2.725],
       [1.155, 2.725],
       [1.155, 2.895],
       [0.985, 2.895]])] [67] [44]
[array([[0.985, 0.005],
       [1.155, 0.005],
       [1.155, 0.175],
       [0.985, 0.175]])] [67] [44]
[array([[1.445, 2.725],
       [1.615, 2.725],
       [1.615, 2.895],
       [1.445, 2.895]])] [67] [44]
[array([[1.445, 0.005],
       [1.615, 0.005],
       [1.615, 0.175],
       [1.445, 0.175]])] [67] [44]
[array([[-0.08,  0.09],
       [ 1.76,  0.09],
       [ 1.76,  2.81],
       [-0.08,  2.81]])] [236] [0]
[array([[0.06 , 2.725],
       [0.06 , 2.895],
       [0.23 , 2.895],
       [0.23 , 2.725]])] [64] [16]
[array([[0.06 , 0.005],
       [0.06 , 0.175],
       [0.23 , 0.175],
       [0.23 , 0.005]])] [122] [16]
[array([[0.06 , 0.005],
       [0.06 , 0.175],
       [0.23 , 0.175],
       [0.23 , 0.005]])] [68] [16]
[array([[0.06 , 2.725],
       [0.06 , 2.895],
       [0.23 , 2.895],
       [0.23 , 2.725]])] [68] [16]
[array([[ 1.76 ,  0.175],
       [ 0.315,  0.175],
       [ 0.315,  0.975],
       [ 0.005,  0.975],
       [ 0.005,  0.175],
       [-0.08 ,  0.175],
       [-0.08 ,  0.005],
       [ 1.76 ,  0.005]])] [67] [20]
[array([[ 1.76 ,  2.895],
       [-0.08 ,  2.895],
       [-0.08 ,  2.725],
       [ 0.005,  2.725],
       [ 0.005,  1.585],
       [ 0.285,  1.585],
       [ 0.285,  2.725],
       [ 1.055,  2.725],
       [ 1.055,  1.585],
       [ 1.315,  1.585],
       [ 1.315,  2.725],
       [ 1.76 ,  2.725]])] [67] [20]
[array([[0.015, 1.145],
       [0.015, 1.415],
       [0.35 , 1.415],
       [0.35 , 1.145]])] [67] [20]
[array([[0.91 , 1.165],
       [0.91 , 1.415],
       [1.295, 1.415],
       [1.295, 1.165]])] [67] [20]
[array([[1.315, 0.975],
       [0.74 , 0.975],
       [0.74 , 1.575],
       [0.835, 1.575],
       [0.835, 2.555],
       [0.455, 2.555],
       [0.455, 1.575],
       [0.57 , 1.575],
       [0.57 , 0.345],
       [1.315, 0.345]])] [67] [20]
[array([[-0.08,  2.57],
       [ 1.76,  2.57],
       [ 1.76,  3.05],
       [-0.08,  3.05]])] [68] [20]
[array([[-0.08, -0.15],
       [ 1.76, -0.15],
       [ 1.76,  0.33],
       [-0.08,  0.33]])] [68] [20]
[array([[1.055, 0.385],
       [1.225, 0.385],
       [1.225, 0.555],
       [1.055, 0.555]])] [66] [44]
[array([[1.055, 0.725],
       [1.225, 0.725],
       [1.225, 0.895],
       [1.055, 0.895]])] [66] [44]
[array([[0.115, 2.345],
       [0.285, 2.345],
       [0.285, 2.515],
       [0.115, 2.515]])] [66] [44]
[array([[0.115, 2.005],
       [0.285, 2.005],
       [0.285, 2.175],
       [0.115, 2.175]])] [66] [44]
[array([[0.115, 1.665],
       [0.285, 1.665],
       [0.285, 1.835],
       [0.115, 1.835]])] [66] [44]
[array([[0.115, 0.725],
       [0.285, 0.725],
       [0.285, 0.895],
       [0.115, 0.895]])] [66] [44]
[array([[0.115, 0.385],
       [0.285, 0.385],
       [0.285, 0.555],
       [0.115, 0.555]])] [66] [44]
[array([[0.585, 2.345],
       [0.755, 2.345],
       [0.755, 2.515],
       [0.585, 2.515]])] [66] [44]
[array([[0.585, 2.005],
       [0.755, 2.005],
       [0.755, 2.175],
       [0.585, 2.175]])] [66] [44]
[array([[0.585, 1.665],
       [0.755, 1.665],
       [0.755, 1.835],
       [0.585, 1.835]])] [66] [44]
[array([[1.04 , 1.165],
       [1.21 , 1.165],
       [1.21 , 1.335],
       [1.04 , 1.335]])] [66] [44]
[array([[1.055, 2.345],
       [1.225, 2.345],
       [1.225, 2.515],
       [1.055, 2.515]])] [66] [44]
[array([[0.1  , 1.165],
       [0.27 , 1.165],
       [0.27 , 1.335],
       [0.1  , 1.335]])] [66] [44]
[array([[1.055, 2.005],
       [1.225, 2.005],
       [1.225, 2.175],
       [1.055, 2.175]])] [66] [44]
[array([[1.055, 1.665],
       [1.225, 1.665],
       [1.225, 1.835],
       [1.055, 1.835]])] [66] [44]
[array([[1.08 , 1.195],
       [1.08 , 1.365],
       [1.25 , 1.365],
       [1.25 , 1.195]])] [67] [16]
[array([[0.57, 1.57],
       [0.57, 1.74],
       [0.74, 1.74],
       [0.74, 1.57]])] [67] [16]
[array([[0.57, 1.91],
       [0.57, 2.08],
       [0.74, 2.08],
       [0.74, 1.91]])] [67] [16]
[array([[0.98 , 0.795],
       [0.98 , 0.965],
       [1.15 , 0.965],
       [1.15 , 0.795]])] [67] [16]
[array([[0.06 , 1.195],
       [0.06 , 1.365],
       [0.23 , 1.365],
       [0.23 , 1.195]])] [67] [16]
[array([[0.075, 1.575],
       [0.075, 2.575],
       [1.265, 2.575],
       [1.265, 1.575]])] [65] [20]
[array([[0.075, 0.325],
       [0.075, 0.975],
       [1.265, 0.975],
       [1.265, 0.325]])] [65] [20]
[array([[-0.08,  0.09],
       [ 1.76,  0.09],
       [ 1.76,  2.81],
       [-0.08,  2.81]])] [81] [4]
[array([[-0.08 ,  1.445],
       [ 1.76 ,  1.445],
       [ 1.76 ,  3.   ],
       [-0.08 ,  3.   ]])] [94] [20]
[array([[-0.27 ,  1.395],
       [ 1.95 ,  1.395],
       [ 1.95 ,  3.   ],
       [-0.27 ,  3.   ]])] [64] [20]
[array([[-0.08 , -0.1  ],
       [ 1.76 , -0.1  ],
       [ 1.76 ,  1.105],
       [-0.08 ,  1.105]])] [93] [44]
[array([[-0.08,  1.34],
       [ 1.76,  1.34],
       [ 1.76,  2.81],
       [-0.08,  2.81]])] [78] [44]
[array([[-0.08 ,  1.065],
       [ 1.76 ,  1.065],
       [ 1.76 ,  1.435],
       [-0.08 ,  1.435]])] [95] [20]
Polygons (50)
[[0.535 1.5  ]
 [0.525 1.5  ]
 [0.525 2.705]
 [0.345 2.705]
 [0.345 1.5  ]
 [0.335 1.5  ]
 [0.335 1.415]
 [0.025 1.415]
 [0.025 1.085]
 [0.385 1.085]
 [0.385 0.195]
 [0.535 0.195]]
[[1.295 1.415]
 [1.005 1.415]
 [1.005 1.5  ]
 [0.995 1.5  ]
 [0.995 2.705]
 [0.815 2.705]
 [0.815 1.5  ]
 [0.805 1.5  ]
 [0.805 0.195]
 [0.955 0.195]
 [0.955 1.085]
 [1.295 1.085]]
[[0.065 2.725]
 [0.235 2.725]
 [0.235 2.895]
 [0.065 2.895]]
[[0.065 0.005]
 [0.235 0.005]
 [0.235 0.175]
 [0.065 0.175]]
[[0.525 2.725]
 [0.695 2.725]
 [0.695 2.895]
 [0.525 2.895]]
[[0.525 0.005]
 [0.695 0.005]
 [0.695 0.175]
 [0.525 0.175]]
[[0.985 2.725]
 [1.155 2.725]
 [1.155 2.895]
 [0.985 2.895]]
[[0.985 0.005]
 [1.155 0.005]
 [1.155 0.175]
 [0.985 0.175]]
[[1.445 2.725]
 [1.615 2.725]
 [1.615 2.895]
 [1.445 2.895]]
[[1.445 0.005]
 [1.615 0.005]
 [1.615 0.175]
 [1.445 0.175]]
[[-0.08  0.09]
 [ 1.76  0.09]
 [ 1.76  2.81]
 [-0.08  2.81]]
[[0.06  2.725]
 [0.06  2.895]
 [0.23  2.895]
 [0.23  2.725]]
[[0.06  0.005]
 [0.06  0.175]
 [0.23  0.175]
 [0.23  0.005]]
[[0.06  0.005]
 [0.06  0.175]
 [0.23  0.175]
 [0.23  0.005]]
[[0.06  2.725]
 [0.06  2.895]
 [0.23  2.895]
 [0.23  2.725]]
[[ 1.76   0.175]
 [ 0.315  0.175]
 [ 0.315  0.975]
 [ 0.005  0.975]
 [ 0.005  0.175]
 [-0.08   0.175]
 [-0.08   0.005]
 [ 1.76   0.005]]
[[ 1.76   2.895]
 [-0.08   2.895]
 [-0.08   2.725]
 [ 0.005  2.725]
 [ 0.005  1.585]
 [ 0.285  1.585]
 [ 0.285  2.725]
 [ 1.055  2.725]
 [ 1.055  1.585]
 [ 1.315  1.585]
 [ 1.315  2.725]
 [ 1.76   2.725]]
[[0.015 1.145]
 [0.015 1.415]
 [0.35  1.415]
 [0.35  1.145]]
[[0.91  1.165]
 [0.91  1.415]
 [1.295 1.415]
 [1.295 1.165]]
[[1.315 0.975]
 [0.74  0.975]
 [0.74  1.575]
 [0.835 1.575]
 [0.835 2.555]
 [0.455 2.555]
 [0.455 1.575]
 [0.57  1.575]
 [0.57  0.345]
 [1.315 0.345]]
[[-0.08  2.57]
 [ 1.76  2.57]
 [ 1.76  3.05]
 [-0.08  3.05]]
[[-0.08 -0.15]
 [ 1.76 -0.15]
 [ 1.76  0.33]
 [-0.08  0.33]]
[[1.055 0.385]
 [1.225 0.385]
 [1.225 0.555]
 [1.055 0.555]]
[[1.055 0.725]
 [1.225 0.725]
 [1.225 0.895]
 [1.055 0.895]]
[[0.115 2.345]
 [0.285 2.345]
 [0.285 2.515]
 [0.115 2.515]]
[[0.115 2.005]
 [0.285 2.005]
 [0.285 2.175]
 [0.115 2.175]]
[[0.115 1.665]
 [0.285 1.665]
 [0.285 1.835]
 [0.115 1.835]]
[[0.115 0.725]
 [0.285 0.725]
 [0.285 0.895]
 [0.115 0.895]]
[[0.115 0.385]
 [0.285 0.385]
 [0.285 0.555]
 [0.115 0.555]]
[[0.585 2.345]
 [0.755 2.345]
 [0.755 2.515]
 [0.585 2.515]]
[[0.585 2.005]
 [0.755 2.005]
 [0.755 2.175]
 [0.585 2.175]]
[[0.585 1.665]
 [0.755 1.665]
 [0.755 1.835]
 [0.585 1.835]]
[[1.04  1.165]
 [1.21  1.165]
 [1.21  1.335]
 [1.04  1.335]]
[[1.055 2.345]
 [1.225 2.345]
 [1.225 2.515]
 [1.055 2.515]]
[[0.1   1.165]
 [0.27  1.165]
 [0.27  1.335]
 [0.1   1.335]]
[[1.055 2.005]
 [1.225 2.005]
 [1.225 2.175]
 [1.055 2.175]]
[[1.055 1.665]
 [1.225 1.665]
 [1.225 1.835]
 [1.055 1.835]]
[[1.08  1.195]
 [1.08  1.365]
 [1.25  1.365]
 [1.25  1.195]]
[[0.57 1.57]
 [0.57 1.74]
 [0.74 1.74]
 [0.74 1.57]]
[[0.57 1.91]
 [0.57 2.08]
 [0.74 2.08]
 [0.74 1.91]]
[[0.98  0.795]
 [0.98  0.965]
 [1.15  0.965]
 [1.15  0.795]]
[[0.06  1.195]
 [0.06  1.365]
 [0.23  1.365]
 [0.23  1.195]]
[[0.075 1.575]
 [0.075 2.575]
 [1.265 2.575]
 [1.265 1.575]]
[[0.075 0.325]
 [0.075 0.975]
 [1.265 0.975]
 [1.265 0.325]]
[[-0.08  0.09]
 [ 1.76  0.09]
 [ 1.76  2.81]
 [-0.08  2.81]]
[[-0.08   1.445]
 [ 1.76   1.445]
 [ 1.76   3.   ]
 [-0.08   3.   ]]
[[-0.27   1.395]
 [ 1.95   1.395]
 [ 1.95   3.   ]
 [-0.27   3.   ]]
[[-0.08  -0.1  ]
 [ 1.76  -0.1  ]
 [ 1.76   1.105]
 [-0.08   1.105]]
[[-0.08  1.34]
 [ 1.76  1.34]
 [ 1.76  2.81]
 [-0.08  2.81]]
[[-0.08   1.065]
 [ 1.76   1.065]
 [ 1.76   1.435]
 [-0.08   1.435]]
